HF simulation data file
Last updated date: 2015-08-25, 05:10:33

Unit settings
Parameter	Input unit	IU id	Output unit	OU id
Fluid volume	m^3	6	m^3	6
Fracture length	m	5	m	5
Fracture aperture	cm 	1	cm 	1
Fracture height	m	5	m	5
Injection rate	m^3/min	8	m^3/min	8
Leakoff coefficient	cm/min^1/2	1	cm/min^1/2	1
Pressure	MPa	8	MPa	8
Spurt loss	cm	1	cm	1
Time	min	3	min	3
Young's modulus	GPa	5	GPa	5
Borehole radius	m	5	m	5
Fluid viscosity	cP	3	cP	3

Base data
Parameter	Value	Unit
Young's modulus	30	GPa
Poisson's ratio	0.25	fraction
Injection rate into the borehole	1	m^3/min
fluid viscosity	1	cP
Leakoff coefficient	1.5e-3	cm/min^1/2
Spurt loss	0.001	cm
Borehole radius	0.10796	m

Fracture type
KGD fracture, height:	30	m

Injection parameter
By total injected volume:	60	m^3

Calculation results
Injection time	Injected volume	Fracture length	Maximum fracture aperture	Average fracture aperture	Net fluid pressure
min	m^3	m	cm 	cm 	MPa
0.016667	0.016667	1.455694	0.021090	0.016564	1.159039
0.316583	0.316583	10.721061	0.057235	0.044952	0.427085
0.616500	0.616500	16.749215	0.071539	0.056186	0.341693
0.916417	0.916417	21.823018	0.081658	0.064134	0.299347
1.216333	1.216333	26.354594	0.089737	0.070479	0.272399
1.516250	1.516250	30.518897	0.096567	0.075843	0.253133
1.816167	1.816167	34.410938	0.102540	0.080534	0.238388
2.116083	2.116083	38.089584	0.107881	0.084730	0.226584
2.416000	2.416000	41.594493	0.112736	0.088542	0.216828
2.715917	2.715917	44.953984	0.117200	0.092049	0.208569
3.015833	3.015833	48.189172	0.121344	0.095303	0.201446
3.315750	3.315750	51.316329	0.125219	0.098347	0.195211
3.615667	3.615667	54.348333	0.128865	0.101211	0.189688
3.915583	3.915583	57.295595	0.132313	0.103919	0.184745
4.215500	4.215500	60.166683	0.135588	0.106491	0.180283
4.515417	4.515417	62.968757	0.138709	0.108942	0.176226
4.815333	4.815333	65.707878	0.141694	0.111286	0.172514
5.115250	5.115250	68.389232	0.144556	0.113534	0.169098
5.415167	5.415167	71.017302	0.147308	0.115695	0.165940
5.715083	5.715083	73.595996	0.149958	0.117777	0.163007
6.015000	6.015000	76.128748	0.152517	0.119786	0.160272
6.314917	6.314917	78.618593	0.154991	0.121729	0.157714
6.614833	6.614833	81.068233	0.157387	0.123611	0.155313
6.914750	6.914750	83.480087	0.159711	0.125437	0.153053
7.214667	7.214667	85.856329	0.161968	0.127209	0.150920
7.514583	7.514583	88.198924	0.164163	0.128933	0.148902
7.814500	7.814500	90.509656	0.166299	0.130611	0.146989
8.114417	8.114417	92.790147	0.168381	0.132246	0.145172
8.414333	8.414333	95.041884	0.170412	0.133841	0.143442
8.714250	8.714250	97.266228	0.172395	0.135399	0.141792
9.014167	9.014167	99.464432	0.174332	0.136920	0.140217
9.314083	9.314083	101.637652	0.176226	0.138408	0.138709
9.614000	9.614000	103.786958	0.178080	0.139863	0.137266
9.913917	9.913917	105.913342	0.179895	0.141289	0.135881
10.213833	10.213833	108.017726	0.181673	0.142686	0.134551
10.513750	10.513750	110.100970	0.183417	0.144055	0.133272
10.813667	10.813667	112.163877	0.185127	0.145398	0.132040
11.113583	11.113583	114.207196	0.186806	0.146717	0.130854
11.413500	11.413500	116.231632	0.188454	0.148011	0.129709
11.713417	11.713417	118.237845	0.190073	0.149283	0.128604
12.013333	12.013333	120.226456	0.191665	0.150533	0.127536
12.313250	12.313250	122.198050	0.193230	0.151763	0.126503
12.613167	12.613167	124.153180	0.194770	0.152972	0.125503
12.913083	12.913083	126.092367	0.196285	0.154162	0.124534
13.213000	13.213000	128.016104	0.197777	0.155334	0.123595
13.512917	13.512917	129.924859	0.199246	0.156487	0.122684
13.812833	13.812833	131.819073	0.200693	0.157624	0.121799
14.112750	14.112750	133.699169	0.202119	0.158744	0.120940
14.412667	14.412667	135.565546	0.203525	0.159848	0.120104
14.712583	14.712583	137.418585	0.204911	0.160937	0.119292
15.012500	15.012500	139.258647	0.206279	0.162011	0.118501
15.312417	15.312417	141.086078	0.207628	0.163070	0.117731
15.612333	15.612333	142.901209	0.208959	0.164116	0.116981
15.912250	15.912250	144.704355	0.210273	0.165148	0.116250
16.212167	16.212167	146.495816	0.211571	0.166167	0.115537
16.512083	16.512083	148.275881	0.212852	0.167174	0.114841
16.812000	16.812000	150.044825	0.214118	0.168168	0.114162
17.111917	17.111917	151.802915	0.215369	0.169150	0.113499
17.411833	17.411833	153.550402	0.216605	0.170121	0.112852
17.711750	17.711750	155.287531	0.217827	0.171081	0.112219
18.011667	18.011667	157.014536	0.219035	0.172029	0.111600
18.311583	18.311583	158.731642	0.220229	0.172968	0.110994
18.611500	18.611500	160.439065	0.221410	0.173895	0.110402
18.911417	18.911417	162.137013	0.222579	0.174813	0.109823
19.211333	19.211333	163.825687	0.223735	0.175721	0.109255
19.511250	19.511250	165.505280	0.224879	0.176620	0.108699
19.811167	19.811167	167.175979	0.226011	0.177509	0.108155
20.111083	20.111083	168.837962	0.227132	0.178389	0.107621
20.411000	20.411000	170.491404	0.228241	0.179260	0.107098
20.710917	20.710917	172.136471	0.229340	0.180123	0.106585
21.010833	21.010833	173.773327	0.230428	0.180977	0.106082
21.310750	21.310750	175.402127	0.231505	0.181824	0.105588
21.610667	21.610667	177.023023	0.232572	0.182662	0.105104
21.910583	21.910583	178.636160	0.233630	0.183492	0.104628
22.210500	22.210500	180.241682	0.234677	0.184315	0.104161
22.510417	22.510417	181.839725	0.235715	0.185130	0.103702
22.810333	22.810333	183.430422	0.236744	0.185938	0.103252
23.110250	23.110250	185.013903	0.237764	0.186739	0.102809
23.410167	23.410167	186.590292	0.238774	0.187533	0.102374
23.710083	23.710083	188.159711	0.239776	0.188320	0.101946
24.010000	24.010000	189.722277	0.240770	0.189100	0.101525
24.309917	24.309917	191.278105	0.241755	0.189874	0.101111
24.609833	24.609833	192.827305	0.242732	0.190641	0.100704
24.909750	24.909750	194.369987	0.243701	0.191402	0.100304
25.209667	25.209667	195.906253	0.244662	0.192157	0.099910
25.509583	25.509583	197.436208	0.245616	0.192906	0.099522
25.809500	25.809500	198.959949	0.246562	0.193649	0.099140
26.109417	26.109417	200.477573	0.247500	0.194386	0.098764
26.409333	26.409333	201.989173	0.248432	0.195118	0.098394
26.709250	26.709250	203.494843	0.249356	0.195844	0.098029
27.009167	27.009167	204.994669	0.250273	0.196564	0.097670
27.309083	27.309083	206.488740	0.251184	0.197279	0.097316
27.609000	27.609000	207.977139	0.252087	0.197989	0.096967
27.908917	27.908917	209.459948	0.252984	0.198693	0.096623
28.208833	28.208833	210.937249	0.253875	0.199393	0.096285
28.508750	28.508750	212.409119	0.254759	0.200087	0.095950
28.808667	28.808667	213.875635	0.255637	0.200777	0.095621
29.108583	29.108583	215.336871	0.256509	0.201462	0.095296
29.408500	29.408500	216.792900	0.257375	0.202141	0.094975
29.708417	29.708417	218.243792	0.258234	0.202817	0.094659
30.008333	30.008333	219.689618	0.259088	0.203487	0.094347
30.308250	30.308250	221.130445	0.259937	0.204154	0.094039
30.608167	30.608167	222.566338	0.260779	0.204815	0.093735
30.908083	30.908083	223.997363	0.261616	0.205473	0.093435
31.208000	31.208000	225.423583	0.262448	0.206126	0.093139
31.507917	31.507917	226.845059	0.263274	0.206775	0.092847
31.807833	31.807833	228.261852	0.264095	0.207420	0.092559
32.107750	32.107750	229.674021	0.264910	0.208060	0.092274
32.407667	32.407667	231.081624	0.265721	0.208697	0.091992
32.707583	32.707583	232.484716	0.266526	0.209329	0.091714
33.007500	33.007500	233.883354	0.267327	0.209958	0.091439
33.307417	33.307417	235.277591	0.268123	0.210583	0.091168
33.607333	33.607333	236.667481	0.268913	0.211204	0.090900
33.907250	33.907250	238.053075	0.269699	0.211821	0.090635
34.207167	34.207167	239.434424	0.270481	0.212435	0.090373
34.507083	34.507083	240.811578	0.271257	0.213045	0.090114
34.807000	34.807000	242.184585	0.272030	0.213652	0.089859
35.106917	35.106917	243.553494	0.272797	0.214255	0.089606
35.406833	35.406833	244.918352	0.273561	0.214854	0.089356
35.706750	35.706750	246.279203	0.274320	0.215450	0.089109
36.006667	36.006667	247.636094	0.275074	0.216043	0.088864
36.306583	36.306583	248.989067	0.275825	0.216632	0.088622
36.606500	36.606500	250.338168	0.276571	0.217218	0.088383
36.906417	36.906417	251.683437	0.277313	0.217801	0.088147
37.206333	37.206333	253.024917	0.278051	0.218381	0.087913
37.506250	37.506250	254.362648	0.278785	0.218957	0.087681
37.806167	37.806167	255.696671	0.279515	0.219531	0.087452
38.106083	38.106083	257.027024	0.280241	0.220101	0.087226
38.406000	38.406000	258.353748	0.280964	0.220668	0.087001
38.705917	38.705917	259.676878	0.281682	0.221233	0.086779
39.005833	39.005833	260.996454	0.282397	0.221794	0.086560
39.305750	39.305750	262.312510	0.283108	0.222353	0.086342
39.605667	39.605667	263.625084	0.283816	0.222908	0.086127
39.905583	39.905583	264.934210	0.284520	0.223461	0.085914
40.205500	40.205500	266.239923	0.285220	0.224011	0.085703
40.505417	40.505417	267.542257	0.285917	0.224558	0.085494
40.805333	40.805333	268.841246	0.286610	0.225103	0.085287
41.105250	41.105250	270.136923	0.287300	0.225645	0.085083
41.405167	41.405167	271.429319	0.287986	0.226184	0.084880
41.705083	41.705083	272.718467	0.288669	0.226720	0.084679
42.005000	42.005000	274.004397	0.289349	0.227254	0.084480
42.304917	42.304917	275.287142	0.290025	0.227785	0.084283
42.604833	42.604833	276.566730	0.290699	0.228314	0.084088
42.904750	42.904750	277.843192	0.291369	0.228840	0.083894
43.204667	43.204667	279.116556	0.292036	0.229364	0.083703
43.504583	43.504583	280.386852	0.292699	0.229886	0.083513
43.804500	43.804500	281.654108	0.293360	0.230405	0.083325
44.104417	44.104417	282.918352	0.294018	0.230921	0.083139
44.404333	44.404333	284.179610	0.294672	0.231435	0.082954
44.704250	44.704250	285.437911	0.295324	0.231947	0.082771
45.004167	45.004167	286.693281	0.295973	0.232456	0.082589
45.304083	45.304083	287.945745	0.296619	0.232964	0.082410
45.604000	45.604000	289.195330	0.297262	0.233469	0.082231
45.903917	45.903917	290.442061	0.297902	0.233971	0.082055
46.203833	46.203833	291.685962	0.298539	0.234472	0.081880
46.503750	46.503750	292.927059	0.299173	0.234970	0.081706
46.803667	46.803667	294.165376	0.299805	0.235466	0.081534
47.103583	47.103583	295.400936	0.300434	0.235960	0.081363
47.403500	47.403500	296.633762	0.301060	0.236452	0.081194
47.703417	47.703417	297.863879	0.301684	0.236942	0.081026
48.003333	48.003333	299.091309	0.302305	0.237430	0.080860
48.303250	48.303250	300.316074	0.302923	0.237915	0.080694
48.603167	48.603167	301.538197	0.303539	0.238399	0.080531
48.903083	48.903083	302.757699	0.304152	0.238880	0.080368
49.203000	49.203000	303.974602	0.304763	0.239360	0.080207
49.502917	49.502917	305.188927	0.305371	0.239838	0.080048
49.802833	49.802833	306.400695	0.305976	0.240313	0.079889
50.102750	50.102750	307.609926	0.306580	0.240787	0.079732
50.402667	50.402667	308.816641	0.307180	0.241259	0.079576
50.702583	50.702583	310.020860	0.307779	0.241729	0.079421
51.002500	51.002500	311.222603	0.308375	0.242197	0.079268
51.302417	51.302417	312.421889	0.308968	0.242663	0.079116
51.602333	51.602333	313.618737	0.309559	0.243127	0.078965
51.902250	51.902250	314.813167	0.310148	0.243590	0.078815
52.202167	52.202167	316.005197	0.310735	0.244051	0.078666
52.502083	52.502083	317.194845	0.311319	0.244510	0.078518
52.802000	52.802000	318.382130	0.311901	0.244967	0.078372
53.101917	53.101917	319.567070	0.312481	0.245422	0.078226
53.401833	53.401833	320.749682	0.313059	0.245876	0.078082
53.701750	53.701750	321.929984	0.313634	0.246328	0.077939
54.001667	54.001667	323.107993	0.314208	0.246778	0.077796
54.301583	54.301583	324.283727	0.314779	0.247227	0.077655
54.601500	54.601500	325.457201	0.315348	0.247674	0.077515
54.901417	54.901417	326.628434	0.315915	0.248119	0.077376
55.201333	55.201333	327.797440	0.316480	0.248563	0.077238
55.501250	55.501250	328.964237	0.317042	0.249005	0.077101
55.801167	55.801167	330.128840	0.317603	0.249445	0.076965
56.101083	56.101083	331.291265	0.318162	0.249884	0.076830
56.401000	56.401000	332.451527	0.318718	0.250321	0.076695
56.700917	56.700917	333.609643	0.319273	0.250757	0.076562
57.000833	57.000833	334.765627	0.319826	0.251191	0.076430
57.300750	57.300750	335.919494	0.320376	0.251623	0.076298
57.600667	57.600667	337.071259	0.320925	0.252054	0.076168
57.900583	57.900583	338.220937	0.321472	0.252484	0.076038
58.200500	58.200500	339.368542	0.322017	0.252912	0.075910
58.500417	58.500417	340.514089	0.322560	0.253338	0.075782
58.800333	58.800333	341.657591	0.323101	0.253763	0.075655
59.100250	59.100250	342.799063	0.323640	0.254187	0.075529
59.400167	59.400167	343.938519	0.324178	0.254609	0.075404
59.700083	59.700083	345.075971	0.324714	0.255029	0.075279
60.000000	60.000000	346.211434	0.325247	0.255449	0.075156

2D aperture profile & 3D fracture shape
At volume V =	55	m^3
Aperture scale factor in 3D:	2000
