HF simulation data file
Last updated date: 2015-08-25, 14:34:26

Unit settings
Parameter	Input unit	IU id	Output unit	OU id
Fluid volume	m^3	6	m^3	6
Fracture length	m	5	m	5
Fracture aperture	cm 	1	cm 	1
Fracture height	m	5	m	5
Injection rate	m^3/min	8	m^3/min	8
Leakoff coefficient	cm/min^1/2	1	cm/min^1/2	1
Pressure	MPa	8	MPa	8
Spurt loss	cm	1	cm	1
Time	min	3	min	3
Young's modulus	GPa	5	GPa	5
Borehole radius	m	5	m	5
Fluid viscosity	cP	3	cP	3

Base data
Parameter	Value	Unit
Young's modulus	30	GPa
Poisson's ratio	0.25	fraction
Injection rate into the borehole	1	m^3/min
fluid viscosity	1	cP
Leakoff coefficient	0.0015	cm/min^1/2
Spurt loss	0.001	cm
Borehole radius	0.10795	m

Fracture type
Radial fracture

Injection parameter
By total injection time:	60	min

Calculation results
Injection time	Injected volume	Fracture length	Maximum fracture aperture	Average fracture aperture	Net fluid pressure
min	m^3	m	cm 	cm 	MPa
0.016667	0.016667	2.617585	0.067869	0.036197	3.258214
0.316583	0.316583	9.625232	0.093983	0.050124	1.227006
0.616500	0.616500	12.887273	0.101096	0.053918	0.985790
0.916417	0.916417	15.318442	0.105560	0.056299	0.865953
1.216333	1.216333	17.323690	0.108857	0.058057	0.789632
1.516250	1.516250	19.059682	0.111487	0.059460	0.735053
1.816167	1.816167	20.606290	0.113683	0.060631	0.693275
2.116083	2.116083	22.010654	0.115572	0.061639	0.659828
2.416000	2.416000	23.303291	0.117233	0.062524	0.632182
2.715917	2.715917	24.505274	0.118716	0.063315	0.608780
3.015833	3.015833	25.631857	0.120058	0.064031	0.588600
3.315750	3.315750	26.694498	0.121283	0.064684	0.570938
3.615667	3.615667	27.702053	0.122412	0.065286	0.555292
3.915583	3.915583	28.661534	0.123458	0.065844	0.541291
4.215500	4.215500	29.578601	0.124434	0.066365	0.528655
4.515417	4.515417	30.457898	0.125349	0.066853	0.517166
4.815333	4.815333	31.303293	0.126210	0.067312	0.506655
5.115250	5.115250	32.118046	0.127023	0.067746	0.496985
5.415167	5.415167	32.904932	0.127794	0.068157	0.488045
5.715083	5.715083	33.666340	0.128527	0.068548	0.479743
6.015000	6.015000	34.404338	0.129226	0.068920	0.472004
6.314917	6.314917	35.120738	0.129893	0.069276	0.464764
6.614833	6.614833	35.817128	0.130532	0.069617	0.457970
6.914750	6.914750	36.494918	0.131146	0.069944	0.451576
7.214667	7.214667	37.155361	0.131735	0.070259	0.445543
7.514583	7.514583	37.799577	0.132302	0.070561	0.439835
7.814500	7.814500	38.428575	0.132849	0.070853	0.434425
8.114417	8.114417	39.043262	0.133377	0.071135	0.429285
8.414333	8.414333	39.644463	0.133888	0.071407	0.424393
8.714250	8.714250	40.232927	0.134382	0.071670	0.419729
9.014167	9.014167	40.809337	0.134861	0.071926	0.415275
9.314083	9.314083	41.374319	0.135325	0.072173	0.411014
9.614000	9.614000	41.928446	0.135776	0.072414	0.406934
9.913917	9.913917	42.472248	0.136214	0.072647	0.403020
10.213833	10.213833	43.006212	0.136640	0.072875	0.399261
10.513750	10.513750	43.530789	0.137055	0.073096	0.395647
10.813667	10.813667	44.046398	0.137459	0.073311	0.392168
11.113583	11.113583	44.553429	0.137853	0.073522	0.388816
11.413500	11.413500	45.052243	0.138237	0.073726	0.385583
11.713417	11.713417	45.543177	0.138612	0.073926	0.382462
12.013333	12.013333	46.026549	0.138978	0.074122	0.379445
12.313250	12.313250	46.502653	0.139336	0.074313	0.376528
12.613167	12.613167	46.971767	0.139687	0.074499	0.373704
12.913083	12.913083	47.434151	0.140029	0.074682	0.370968
13.213000	13.213000	47.890050	0.140364	0.074861	0.368317
13.512917	13.512917	48.339695	0.140693	0.075036	0.365744
13.812833	13.812833	48.783303	0.141014	0.075208	0.363247
14.112750	14.112750	49.221081	0.141330	0.075376	0.360821
14.412667	14.412667	49.653223	0.141639	0.075541	0.358463
14.712583	14.712583	50.079912	0.141942	0.075702	0.356170
15.012500	15.012500	50.501324	0.142240	0.075861	0.353939
15.312417	15.312417	50.917623	0.142532	0.076017	0.351766
15.612333	15.612333	51.328968	0.142819	0.076170	0.349650
15.912250	15.912250	51.735507	0.143101	0.076321	0.347587
16.212167	16.212167	52.137383	0.143378	0.076468	0.345576
16.512083	16.512083	52.534732	0.143650	0.076614	0.343614
16.812000	16.812000	52.927683	0.143918	0.076756	0.341699
17.111917	17.111917	53.316359	0.144182	0.076897	0.339829
17.411833	17.411833	53.700878	0.144441	0.077035	0.338002
17.711750	17.711750	54.081353	0.144696	0.077171	0.336217
18.011667	18.011667	54.457891	0.144947	0.077305	0.334472
18.311583	18.311583	54.830596	0.145195	0.077437	0.332765
18.611500	18.611500	55.199567	0.145438	0.077567	0.331096
18.911417	18.911417	55.564898	0.145679	0.077695	0.329462
19.211333	19.211333	55.926681	0.145915	0.077821	0.327862
19.511250	19.511250	56.285002	0.146148	0.077946	0.326295
19.811167	19.811167	56.639945	0.146378	0.078068	0.324760
20.111083	20.111083	56.991591	0.146605	0.078189	0.323256
20.411000	20.411000	57.340018	0.146828	0.078308	0.321782
20.710917	20.710917	57.685299	0.147049	0.078426	0.320336
21.010833	21.010833	58.027508	0.147266	0.078542	0.318919
21.310750	21.310750	58.366712	0.147481	0.078657	0.317527
21.610667	21.610667	58.702979	0.147693	0.078770	0.316162
21.910583	21.910583	59.036373	0.147902	0.078881	0.314822
22.210500	22.210500	59.366956	0.148109	0.078991	0.313507
22.510417	22.510417	59.694788	0.148313	0.079100	0.312214
22.810333	22.810333	60.019927	0.148515	0.079208	0.310945
23.110250	23.110250	60.342429	0.148714	0.079314	0.309698
23.410167	23.410167	60.662347	0.148910	0.079419	0.308472
23.710083	23.710083	60.979734	0.149105	0.079523	0.307267
24.010000	24.010000	61.294641	0.149297	0.079625	0.306082
24.309917	24.309917	61.607116	0.149487	0.079726	0.304917
24.609833	24.609833	61.917207	0.149675	0.079826	0.303771
24.909750	24.909750	62.224960	0.149860	0.079925	0.302644
25.209667	25.209667	62.530419	0.150044	0.080023	0.301534
25.509583	25.509583	62.833628	0.150225	0.080120	0.300442
25.809500	25.809500	63.134627	0.150405	0.080216	0.299367
26.109417	26.109417	63.433459	0.150583	0.080311	0.298309
26.409333	26.409333	63.730162	0.150758	0.080405	0.297267
26.709250	26.709250	64.024774	0.150932	0.080497	0.296240
27.009167	27.009167	64.317333	0.151104	0.080589	0.295229
27.309083	27.309083	64.607875	0.151275	0.080680	0.294233
27.609000	27.609000	64.896434	0.151443	0.080770	0.293251
27.908917	27.908917	65.183045	0.151610	0.080859	0.292283
28.208833	28.208833	65.467741	0.151776	0.080947	0.291330
28.508750	28.508750	65.750554	0.151939	0.081034	0.290389
28.808667	28.808667	66.031515	0.152101	0.081121	0.289462
29.108583	29.108583	66.310656	0.152262	0.081206	0.288548
29.408500	29.408500	66.588005	0.152421	0.081291	0.287646
29.708417	29.708417	66.863592	0.152578	0.081375	0.286756
30.008333	30.008333	67.137445	0.152734	0.081458	0.285879
30.308250	30.308250	67.409591	0.152889	0.081541	0.285013
30.608167	30.608167	67.680057	0.153042	0.081622	0.284158
30.908083	30.908083	67.948869	0.153194	0.081703	0.283314
31.208000	31.208000	68.216053	0.153344	0.081784	0.282482
31.507917	31.507917	68.481633	0.153493	0.081863	0.281660
31.807833	31.807833	68.745633	0.153641	0.081942	0.280848
32.107750	32.107750	69.008078	0.153787	0.082020	0.280047
32.407667	32.407667	69.268990	0.153932	0.082097	0.279255
32.707583	32.707583	69.528391	0.154076	0.082174	0.278473
33.007500	33.007500	69.786304	0.154219	0.082250	0.277701
33.307417	33.307417	70.042751	0.154361	0.082326	0.276938
33.607333	33.607333	70.297751	0.154501	0.082400	0.276184
33.907250	33.907250	70.551326	0.154640	0.082475	0.275440
34.207167	34.207167	70.803495	0.154778	0.082548	0.274704
34.507083	34.507083	71.054279	0.154915	0.082621	0.273976
34.807000	34.807000	71.303695	0.155051	0.082694	0.273257
35.106917	35.106917	71.551764	0.155185	0.082765	0.272546
35.406833	35.406833	71.798503	0.155319	0.082837	0.271843
35.706750	35.706750	72.043929	0.155451	0.082907	0.271149
36.006667	36.006667	72.288062	0.155583	0.082978	0.270461
36.306583	36.306583	72.530916	0.155713	0.083047	0.269782
36.606500	36.606500	72.772511	0.155843	0.083116	0.269110
36.906417	36.906417	73.012861	0.155971	0.083185	0.268445
37.206333	37.206333	73.251983	0.156099	0.083253	0.267788
37.506250	37.506250	73.489892	0.156226	0.083320	0.267137
37.806167	37.806167	73.726605	0.156351	0.083387	0.266494
38.106083	38.106083	73.962135	0.156476	0.083454	0.265857
38.406000	38.406000	74.196499	0.156600	0.083520	0.265227
38.705917	38.705917	74.429710	0.156723	0.083585	0.264603
39.005833	39.005833	74.661782	0.156845	0.083651	0.263986
39.305750	39.305750	74.892730	0.156966	0.083715	0.263376
39.605667	39.605667	75.122567	0.157086	0.083779	0.262771
39.905583	39.905583	75.351306	0.157206	0.083843	0.262173
40.205500	40.205500	75.578961	0.157324	0.083906	0.261580
40.505417	40.505417	75.805544	0.157442	0.083969	0.260993
40.805333	40.805333	76.031069	0.157559	0.084031	0.260413
41.105250	41.105250	76.255546	0.157675	0.084093	0.259837
41.405167	41.405167	76.478990	0.157791	0.084155	0.259268
41.705083	41.705083	76.701411	0.157905	0.084216	0.258704
42.005000	42.005000	76.922821	0.158019	0.084277	0.258145
42.304917	42.304917	77.143232	0.158132	0.084337	0.257592
42.604833	42.604833	77.362654	0.158244	0.084397	0.257044
42.904750	42.904750	77.581100	0.158356	0.084457	0.256501
43.204667	43.204667	77.798580	0.158467	0.084516	0.255963
43.504583	43.504583	78.015104	0.158577	0.084574	0.255430
43.804500	43.804500	78.230683	0.158686	0.084633	0.254902
44.104417	44.104417	78.445327	0.158795	0.084691	0.254378
44.404333	44.404333	78.659047	0.158903	0.084748	0.253860
44.704250	44.704250	78.871853	0.159011	0.084806	0.253346
45.004167	45.004167	79.083753	0.159117	0.084863	0.252837
45.304083	45.304083	79.294759	0.159223	0.084919	0.252332
45.604000	45.604000	79.504878	0.159329	0.084975	0.251831
45.903917	45.903917	79.714121	0.159433	0.085031	0.251335
46.203833	46.203833	79.922497	0.159537	0.085087	0.250844
46.503750	46.503750	80.130014	0.159641	0.085142	0.250356
46.803667	46.803667	80.336682	0.159744	0.085197	0.249873
47.103583	47.103583	80.542508	0.159846	0.085251	0.249394
47.403500	47.403500	80.747503	0.159948	0.085305	0.248919
47.703417	47.703417	80.951673	0.160049	0.085359	0.248448
48.003333	48.003333	81.155028	0.160149	0.085413	0.247981
48.303250	48.303250	81.357575	0.160249	0.085466	0.247518
48.603167	48.603167	81.559322	0.160348	0.085519	0.247059
48.903083	48.903083	81.760277	0.160447	0.085572	0.246603
49.203000	49.203000	81.960449	0.160545	0.085624	0.246151
49.502917	49.502917	82.159844	0.160642	0.085676	0.245703
49.802833	49.802833	82.358470	0.160739	0.085728	0.245258
50.102750	50.102750	82.556335	0.160836	0.085779	0.244817
50.402667	50.402667	82.753445	0.160932	0.085830	0.244380
50.702583	50.702583	82.949809	0.161027	0.085881	0.243946
51.002500	51.002500	83.145432	0.161122	0.085932	0.243515
51.302417	51.302417	83.340322	0.161216	0.085982	0.243088
51.602333	51.602333	83.534486	0.161310	0.086032	0.242664
51.902250	51.902250	83.727930	0.161404	0.086082	0.242244
52.202167	52.202167	83.920662	0.161496	0.086131	0.241826
52.502083	52.502083	84.112687	0.161589	0.086181	0.241412
52.802000	52.802000	84.304012	0.161680	0.086230	0.241001
53.101917	53.101917	84.494644	0.161772	0.086278	0.240593
53.401833	53.401833	84.684588	0.161863	0.086327	0.240188
53.701750	53.701750	84.873851	0.161953	0.086375	0.239787
54.001667	54.001667	85.062439	0.162043	0.086423	0.239388
54.301583	54.301583	85.250358	0.162132	0.086471	0.238992
54.601500	54.601500	85.437614	0.162221	0.086518	0.238599
54.901417	54.901417	85.624212	0.162310	0.086565	0.238209
55.201333	55.201333	85.810159	0.162398	0.086612	0.237822
55.501250	55.501250	85.995459	0.162485	0.086659	0.237437
55.801167	55.801167	86.180120	0.162573	0.086705	0.237055
56.101083	56.101083	86.364145	0.162659	0.086752	0.236677
56.401000	56.401000	86.547541	0.162746	0.086798	0.236300
56.700917	56.700917	86.730312	0.162831	0.086843	0.235927
57.000833	57.000833	86.912465	0.162917	0.086889	0.235556
57.300750	57.300750	87.094004	0.163002	0.086934	0.235187
57.600667	57.600667	87.274935	0.163086	0.086979	0.234822
57.900583	57.900583	87.455262	0.163171	0.087024	0.234458
58.200500	58.200500	87.634990	0.163254	0.087069	0.234098
58.500417	58.500417	87.814125	0.163338	0.087113	0.233739
58.800333	58.800333	87.992671	0.163421	0.087158	0.233384
59.100250	59.100250	88.170634	0.163503	0.087202	0.233030
59.400167	59.400167	88.348017	0.163585	0.087246	0.232679
59.700083	59.700083	88.524826	0.163667	0.087289	0.232331
60.000000	60.000000	88.701065	0.163749	0.087333	0.231984

2D aperture profile & 3D fracture shape
At time t =	45	min
Aperture scale factor in 3D:	3000
