HF simulation data file
Last updated date: 2015-08-25, 14:35:07

Unit settings
Parameter	Input unit	IU id	Output unit	OU id
Fluid volume	m^3	6	m^3	6
Fracture length	m	5	m	5
Fracture aperture	cm 	1	cm 	1
Fracture height	m	5	m	5
Injection rate	m^3/min	8	m^3/min	8
Leakoff coefficient	cm/min^1/2	1	cm/min^1/2	1
Pressure	MPa	8	MPa	8
Spurt loss	cm	1	cm	1
Time	min	3	min	3
Young's modulus	GPa	5	GPa	5
Borehole radius	m	5	m	5
Fluid viscosity	cP	3	cP	3

Base data
Parameter	Value	Unit
Young's modulus	30	GPa
Poisson's ratio	0.25	fraction
Injection rate into the borehole	3	m^3/min
fluid viscosity	1	cP
Leakoff coefficient	0.0015	cm/min^1/2
Spurt loss	0.001	cm
Borehole radius	0.10795	m

Fracture type
Radial fracture

Injection parameter
By total injection time:	60	min

Calculation results
Injection time	Injected volume	Fracture length	Maximum fracture aperture	Average fracture aperture	Net fluid pressure
min	m^3	m	cm 	cm 	MPa
0.016667	0.050000	3.809336	0.098104	0.052322	3.236299
0.316583	0.949750	14.034070	0.135916	0.072489	1.217020
0.616500	1.849500	18.814483	0.146251	0.078001	0.976824
0.916417	2.749250	22.385977	0.152746	0.081465	0.857440
1.216333	3.649000	25.337322	0.157549	0.084026	0.781385
1.516250	4.548750	27.896393	0.161385	0.086072	0.726983
1.816167	5.448500	30.179411	0.164590	0.087781	0.685334
2.116083	6.348250	32.254987	0.167350	0.089253	0.651985
2.416000	7.248000	34.167557	0.169777	0.090548	0.624418
2.715917	8.147750	35.947808	0.171947	0.091705	0.601079
3.015833	9.047500	37.617964	0.173910	0.092752	0.580950
3.315750	9.947250	39.194721	0.175704	0.093709	0.563333
3.615667	10.847000	40.690986	0.177358	0.094591	0.547724
3.915583	11.746750	42.116980	0.178892	0.095409	0.533756
4.215500	12.646500	43.480957	0.180323	0.096172	0.521148
4.515417	13.546250	44.789691	0.181665	0.096888	0.509685
4.815333	14.446000	46.048825	0.182928	0.097562	0.499197
5.115250	15.345750	47.263113	0.184122	0.098199	0.489546
5.415167	16.245500	48.436607	0.185255	0.098802	0.480624
5.715083	17.145250	49.572791	0.186332	0.099377	0.472338
6.015000	18.045000	50.674689	0.187359	0.099925	0.464614
6.314917	18.944750	51.744941	0.188340	0.100448	0.457388
6.614833	19.844500	52.785870	0.189280	0.100949	0.450606
6.914750	20.744250	53.799535	0.190182	0.101431	0.444224
7.214667	21.644000	54.787765	0.191050	0.101893	0.438201
7.514583	22.543750	55.752199	0.191885	0.102339	0.432503
7.814500	23.443500	56.694308	0.192691	0.102768	0.427101
8.114417	24.343250	57.615421	0.193469	0.103183	0.421970
8.414333	25.243000	58.516742	0.194221	0.103584	0.417086
8.714250	26.142750	59.399367	0.194949	0.103973	0.412429
9.014167	27.042500	60.264293	0.195655	0.104349	0.407982
9.314083	27.942250	61.112438	0.196340	0.104715	0.403728
9.614000	28.842000	61.944639	0.197005	0.105069	0.399653
9.913917	29.741750	62.761670	0.197651	0.105414	0.395744
10.213833	30.641500	63.564246	0.198280	0.105749	0.391991
10.513750	31.541250	64.353026	0.198892	0.106076	0.388382
10.813667	32.441000	65.128623	0.199489	0.106394	0.384908
11.113583	33.340750	65.891607	0.200071	0.106704	0.381560
11.413500	34.240500	66.642508	0.200638	0.107007	0.378331
11.713417	35.140250	67.381819	0.201192	0.107303	0.375214
12.013333	36.040000	68.110004	0.201734	0.107591	0.372201
12.313250	36.939750	68.827496	0.202263	0.107874	0.369287
12.613167	37.839500	69.534700	0.202780	0.108150	0.366467
12.913083	38.739250	70.231998	0.203287	0.108420	0.363734
13.213000	39.639000	70.919750	0.203783	0.108684	0.361086
13.512917	40.538750	71.598292	0.204268	0.108943	0.358516
13.812833	41.438500	72.267945	0.204744	0.109197	0.356022
14.112750	42.338250	72.929010	0.205211	0.109446	0.353598
14.412667	43.238000	73.581771	0.205669	0.109690	0.351243
14.712583	44.137750	74.226498	0.206118	0.109929	0.348953
15.012500	45.037500	74.863447	0.206559	0.110165	0.346723
15.312417	45.937250	75.492862	0.206991	0.110395	0.344553
15.612333	46.837000	76.114972	0.207416	0.110622	0.342439
15.912250	47.736750	76.729997	0.207834	0.110845	0.340378
16.212167	48.636500	77.338145	0.208245	0.111064	0.338369
16.512083	49.536250	77.939616	0.208649	0.111279	0.336408
16.812000	50.436000	78.534600	0.209046	0.111491	0.334495
17.111917	51.335750	79.123276	0.209436	0.111699	0.332627
17.411833	52.235500	79.705819	0.209821	0.111904	0.330802
17.711750	53.135250	80.282394	0.210199	0.112106	0.329019
18.011667	54.035000	80.853158	0.210572	0.112305	0.327275
18.311583	54.934750	81.418264	0.210939	0.112501	0.325570
18.611500	55.834500	81.977855	0.211300	0.112693	0.323902
18.911417	56.734250	82.532072	0.211656	0.112883	0.322269
19.211333	57.634000	83.081048	0.212007	0.113071	0.320671
19.511250	58.533750	83.624911	0.212354	0.113255	0.319105
19.811167	59.433500	84.163784	0.212695	0.113437	0.317572
20.111083	60.333250	84.697785	0.213031	0.113617	0.316069
20.411000	61.233000	85.227029	0.213363	0.113794	0.314596
20.710917	62.132750	85.751624	0.213691	0.113969	0.313151
21.010833	63.032500	86.271677	0.214014	0.114141	0.311734
21.310750	63.932250	86.787289	0.214333	0.114311	0.310344
21.610667	64.832000	87.298558	0.214648	0.114479	0.308980
21.910583	65.731750	87.805578	0.214959	0.114645	0.307641
22.210500	66.631500	88.308441	0.215266	0.114809	0.306326
22.510417	67.531250	88.807235	0.215570	0.114971	0.305035
22.810333	68.431000	89.302045	0.215869	0.115130	0.303766
23.110250	69.330750	89.792952	0.216165	0.115288	0.302520
23.410167	70.230500	90.280037	0.216458	0.115444	0.301295
23.710083	71.130250	90.763376	0.216747	0.115598	0.300091
24.010000	72.030000	91.243044	0.217033	0.115751	0.298907
24.309917	72.929750	91.719112	0.217315	0.115902	0.297742
24.609833	73.829500	92.191650	0.217595	0.116051	0.296597
24.909750	74.729250	92.660727	0.217871	0.116198	0.295470
25.209667	75.629000	93.126406	0.218144	0.116344	0.294361
25.509583	76.528750	93.588753	0.218415	0.116488	0.293270
25.809500	77.428500	94.047827	0.218682	0.116630	0.292196
26.109417	78.328250	94.503690	0.218946	0.116771	0.291138
26.409333	79.228000	94.956398	0.219208	0.116911	0.290096
26.709250	80.127750	95.406009	0.219467	0.117049	0.289070
27.009167	81.027500	95.852577	0.219724	0.117186	0.288060
27.309083	81.927250	96.296154	0.219977	0.117321	0.287064
27.609000	82.827000	96.736793	0.220229	0.117455	0.286083
27.908917	83.726750	97.174544	0.220477	0.117588	0.285116
28.208833	84.626500	97.609455	0.220724	0.117719	0.284162
28.508750	85.526250	98.041574	0.220967	0.117849	0.283223
28.808667	86.426000	98.470948	0.221209	0.117978	0.282296
29.108583	87.325750	98.897620	0.221448	0.118106	0.281382
29.408500	88.225500	99.321635	0.221685	0.118232	0.280480
29.708417	89.125250	99.743036	0.221920	0.118357	0.279591
30.008333	90.025000	100.161863	0.222153	0.118481	0.278714
30.308250	90.924750	100.578158	0.222383	0.118604	0.277848
30.608167	91.824500	100.991960	0.222611	0.118726	0.276994
30.908083	92.724250	101.403307	0.222838	0.118847	0.276151
31.208000	93.624000	101.812237	0.223062	0.118966	0.275319
31.507917	94.523750	102.218786	0.223284	0.119085	0.274497
31.807833	95.423500	102.622989	0.223505	0.119203	0.273686
32.107750	96.323250	103.024883	0.223723	0.119319	0.272885
32.407667	97.223000	103.424500	0.223940	0.119435	0.272093
32.707583	98.122750	103.821874	0.224155	0.119549	0.271312
33.007500	99.022500	104.217038	0.224368	0.119663	0.270540
33.307417	99.922250	104.610022	0.224579	0.119775	0.269777
33.607333	100.822000	105.000858	0.224788	0.119887	0.269024
33.907250	101.721750	105.389575	0.224996	0.119998	0.268279
34.207167	102.621500	105.776205	0.225202	0.120108	0.267544
34.507083	103.521250	106.160774	0.225407	0.120217	0.266816
34.807000	104.421000	106.543312	0.225609	0.120325	0.266098
35.106917	105.320750	106.923846	0.225811	0.120432	0.265387
35.406833	106.220500	107.302402	0.226010	0.120539	0.264684
35.706750	107.120250	107.679009	0.226208	0.120644	0.263990
36.006667	108.020000	108.053690	0.226405	0.120749	0.263303
36.306583	108.919750	108.426472	0.226600	0.120853	0.262624
36.606500	109.819500	108.797379	0.226793	0.120956	0.261952
36.906417	110.719250	109.166435	0.226985	0.121059	0.261288
37.206333	111.619000	109.533664	0.227176	0.121161	0.260630
37.506250	112.518750	109.899090	0.227365	0.121262	0.259980
37.806167	113.418500	110.262734	0.227553	0.121362	0.259337
38.106083	114.318250	110.624620	0.227740	0.121461	0.258700
38.406000	115.218000	110.984769	0.227925	0.121560	0.258070
38.705917	116.117750	111.343202	0.228109	0.121658	0.257447
39.005833	117.017500	111.699941	0.228291	0.121755	0.256830
39.305750	117.917250	112.055005	0.228472	0.121852	0.256219
39.605667	118.817000	112.408416	0.228652	0.121948	0.255615
39.905583	119.716750	112.760193	0.228831	0.122043	0.255017
40.205500	120.616500	113.110355	0.229008	0.122138	0.254424
40.505417	121.516250	113.458921	0.229185	0.122232	0.253838
40.805333	122.416000	113.805910	0.229360	0.122325	0.253257
41.105250	123.315750	114.151340	0.229533	0.122418	0.252682
41.405167	124.215500	114.495229	0.229706	0.122510	0.252113
41.705083	125.115250	114.837595	0.229878	0.122601	0.251549
42.005000	126.015000	115.178454	0.230048	0.122692	0.250990
42.304917	126.914750	115.517825	0.230217	0.122783	0.250437
42.604833	127.814500	115.855723	0.230385	0.122872	0.249889
42.904750	128.714250	116.192166	0.230553	0.122961	0.249346
43.204667	129.614000	116.527168	0.230719	0.123050	0.248808
43.504583	130.513750	116.860746	0.230883	0.123138	0.248276
43.804500	131.413500	117.192915	0.231047	0.123225	0.247748
44.104417	132.313250	117.523691	0.231210	0.123312	0.247224
44.404333	133.213000	117.853088	0.231372	0.123398	0.246706
44.704250	134.112750	118.181122	0.231533	0.123484	0.246192
45.004167	135.012500	118.507806	0.231693	0.123569	0.245683
45.304083	135.912250	118.833155	0.231852	0.123654	0.245178
45.604000	136.812000	119.157182	0.232009	0.123738	0.244678
45.903917	137.711750	119.479902	0.232166	0.123822	0.244182
46.203833	138.611500	119.801328	0.232322	0.123905	0.243691
46.503750	139.511250	120.121474	0.232477	0.123988	0.243204
46.803667	140.411000	120.440351	0.232632	0.124070	0.242721
47.103583	141.310750	120.757974	0.232785	0.124152	0.242242
47.403500	142.210500	121.074354	0.232937	0.124233	0.241767
47.703417	143.110250	121.389505	0.233089	0.124314	0.241296
48.003333	144.010000	121.703438	0.233239	0.124394	0.240829
48.303250	144.909750	122.016165	0.233389	0.124474	0.240366
48.603167	145.809500	122.327699	0.233538	0.124553	0.239906
48.903083	146.709250	122.638050	0.233686	0.124632	0.239451
49.203000	147.609000	122.947230	0.233833	0.124711	0.238999
49.502917	148.508750	123.255252	0.233979	0.124789	0.238551
49.802833	149.408500	123.562125	0.234125	0.124866	0.238107
50.102750	150.308250	123.867860	0.234269	0.124944	0.237666
50.402667	151.208000	124.172469	0.234413	0.125020	0.237228
50.702583	152.107750	124.475962	0.234556	0.125097	0.236794
51.002500	153.007500	124.778349	0.234699	0.125173	0.236364
51.302417	153.907250	125.079641	0.234840	0.125248	0.235937
51.602333	154.807000	125.379847	0.234981	0.125323	0.235513
51.902250	155.706750	125.678979	0.235121	0.125398	0.235092
52.202167	156.606500	125.977045	0.235260	0.125472	0.234675
52.502083	157.506250	126.274055	0.235399	0.125546	0.234261
52.802000	158.406000	126.570019	0.235537	0.125620	0.233850
53.101917	159.305750	126.864947	0.235674	0.125693	0.233442
53.401833	160.205500	127.158846	0.235810	0.125765	0.233037
53.701750	161.105250	127.451728	0.235946	0.125838	0.232636
54.001667	162.005000	127.743600	0.236081	0.125910	0.232237
54.301583	162.904750	128.034471	0.236215	0.125981	0.231841
54.601500	163.804500	128.324351	0.236349	0.126053	0.231448
54.901417	164.704250	128.613247	0.236481	0.126123	0.231058
55.201333	165.604000	128.901169	0.236614	0.126194	0.230671
55.501250	166.503750	129.188124	0.236745	0.126264	0.230287
55.801167	167.403500	129.474121	0.236876	0.126334	0.229905
56.101083	168.303250	129.759169	0.237006	0.126403	0.229526
56.401000	169.203000	130.043274	0.237136	0.126473	0.229150
56.700917	170.102750	130.326446	0.237265	0.126541	0.228776
57.000833	171.002500	130.608691	0.237393	0.126610	0.228405
57.300750	171.902250	130.890019	0.237521	0.126678	0.228037
57.600667	172.802000	131.170435	0.237648	0.126746	0.227671
57.900583	173.701750	131.449948	0.237775	0.126813	0.227308
58.200500	174.601500	131.728565	0.237901	0.126880	0.226948
58.500417	175.501250	132.006293	0.238026	0.126947	0.226589
58.800333	176.401000	132.283140	0.238151	0.127014	0.226234
59.100250	177.300750	132.559113	0.238275	0.127080	0.225880
59.400167	178.200500	132.834218	0.238398	0.127146	0.225529
59.700083	179.100250	133.108464	0.238521	0.127211	0.225181
60.000000	180.000000	133.381855	0.238644	0.127277	0.224835

2D aperture profile & 3D fracture shape
At time t =	45	min
Aperture scale factor in 3D:	3000
