HF simulation data file
Last updated date: 2015-08-25, 10:55:11

Unit settings
Parameter	Input unit	IU id	Output unit	OU id
Fluid volume	m^3	6	m^3	6
Fracture length	m	5	m	5
Fracture aperture	cm 	1	cm 	1
Fracture height	m	5	m	5
Injection rate	m^3/min	8	m^3/min	8
Leakoff coefficient	cm/min^1/2	1	cm/min^1/2	1
Pressure	MPa	8	MPa	8
Spurt loss	cm	1	cm	1
Time	min	3	min	3
Young's modulus	GPa	5	GPa	5
Borehole radius	m	5	m	5
Fluid viscosity	cP	3	cP	3

Base data
Parameter	Value	Unit
Young's modulus	50	GPa
Poisson's ratio	0.25	fraction
Injection rate into the borehole	1	m^3/min
fluid viscosity	1	cP
Leakoff coefficient	0.0015	cm/min^1/2
Spurt loss	0.001	cm
Borehole radius	0.10795	m

Fracture type
KGD fracture, height:	60	m

Injection parameter
By total injected volume:	60	m^3

Calculation results
Injection time	Injected volume	Fracture length	Maximum fracture aperture	Average fracture aperture	Net fluid pressure
min	m^3	m	cm 	cm 	MPa
0.016667	0.016667	1.067153	0.013364	0.010496	1.669739
0.316583	0.316583	7.994968	0.036579	0.028729	0.610034
0.616500	0.616500	12.501616	0.045741	0.035925	0.487842
0.916417	0.916417	16.291143	0.052215	0.041010	0.427353
1.216333	1.216333	19.672899	0.057380	0.045066	0.388891
1.516250	1.516250	22.778358	0.061743	0.048492	0.361411
1.816167	1.816167	25.678965	0.065556	0.051488	0.340387
2.116083	2.116083	28.419001	0.068965	0.054165	0.323562
2.416000	2.416000	31.028302	0.072061	0.056597	0.309659
2.715917	2.715917	33.528180	0.074908	0.058833	0.297891
3.015833	3.015833	35.934527	0.077550	0.060907	0.287744
3.315750	3.315750	38.259589	0.080019	0.062847	0.278864
3.615667	3.615667	40.513060	0.082342	0.064671	0.270997
3.915583	3.915583	42.702776	0.084538	0.066396	0.263958
4.215500	4.215500	44.835187	0.086623	0.068033	0.257604
4.515417	4.515417	46.915683	0.088610	0.069594	0.251827
4.815333	4.815333	48.948825	0.090510	0.071086	0.246542
5.115250	5.115250	50.938519	0.092331	0.072516	0.241679
5.415167	5.415167	52.888139	0.094081	0.073891	0.237183
5.715083	5.715083	54.800626	0.095767	0.075215	0.233007
6.015000	6.015000	56.678565	0.097394	0.076493	0.229115
6.314917	6.314917	58.524240	0.098967	0.077729	0.225473
6.614833	6.614833	60.339687	0.100490	0.078925	0.222055
6.914750	6.914750	62.126724	0.101968	0.080085	0.218838
7.214667	7.214667	63.886989	0.103402	0.081212	0.215802
7.514583	7.514583	65.621960	0.104797	0.082307	0.212930
7.814500	7.814500	67.332980	0.106154	0.083373	0.210207
8.114417	8.114417	69.021271	0.107477	0.084412	0.207621
8.414333	8.414333	70.687949	0.108767	0.085425	0.205158
8.714250	8.714250	72.334041	0.110026	0.086414	0.202811
9.014167	9.014167	73.960489	0.111256	0.087380	0.200568
9.314083	9.314083	75.568163	0.112459	0.088325	0.198423
9.614000	9.614000	77.157868	0.113635	0.089249	0.196369
9.913917	9.913917	78.730350	0.114787	0.090154	0.194398
10.213833	10.213833	80.286303	0.115916	0.091040	0.192505
10.513750	10.513750	81.826375	0.117023	0.091909	0.190685
10.813667	10.813667	83.351169	0.118108	0.092762	0.188932
11.113583	11.113583	84.861249	0.119173	0.093598	0.187244
11.413500	11.413500	86.357146	0.120219	0.094420	0.185615
11.713417	11.713417	87.839355	0.121246	0.095226	0.184042
12.013333	12.013333	89.308344	0.122256	0.096019	0.182522
12.313250	12.313250	90.764554	0.123248	0.096799	0.181052
12.613167	12.613167	92.208399	0.124225	0.097566	0.179629
12.913083	12.913083	93.640273	0.125186	0.098321	0.178250
13.213000	13.213000	95.060545	0.126131	0.099063	0.176914
13.512917	13.512917	96.469567	0.127063	0.099795	0.175617
13.812833	13.812833	97.867673	0.127980	0.100515	0.174358
14.112750	14.112750	99.255179	0.128884	0.101225	0.173135
14.412667	14.412667	100.632386	0.129775	0.101925	0.171946
14.712583	14.712583	101.999579	0.130654	0.102615	0.170790
15.012500	15.012500	103.357032	0.131520	0.103296	0.169665
15.312417	15.312417	104.705005	0.132375	0.103967	0.168569
15.612333	15.612333	106.043744	0.133219	0.104630	0.167502
15.912250	15.912250	107.373488	0.134052	0.105284	0.166461
16.212167	16.212167	108.694462	0.134874	0.105930	0.165447
16.512083	16.512083	110.006884	0.135685	0.106567	0.164457
16.812000	16.812000	111.310961	0.136487	0.107197	0.163491
17.111917	17.111917	112.606892	0.137280	0.107819	0.162547
17.411833	17.411833	113.894867	0.138062	0.108434	0.161626
17.711750	17.711750	115.175071	0.138836	0.109042	0.160725
18.011667	18.011667	116.447678	0.139601	0.109642	0.159844
18.311583	18.311583	117.712858	0.140357	0.110236	0.158983
18.611500	18.611500	118.970774	0.141105	0.110824	0.158140
18.911417	18.911417	120.221582	0.141845	0.111405	0.157315
19.211333	19.211333	121.465432	0.142577	0.111980	0.156508
19.511250	19.511250	122.702471	0.143301	0.112549	0.155717
19.811167	19.811167	123.932837	0.144018	0.113111	0.154942
20.111083	20.111083	125.156667	0.144727	0.113669	0.154183
20.411000	20.411000	126.374090	0.145429	0.114220	0.153438
20.710917	20.710917	127.585232	0.146125	0.114766	0.152708
21.010833	21.010833	128.790216	0.146813	0.115307	0.151992
21.310750	21.310750	129.989158	0.147495	0.115842	0.151289
21.610667	21.610667	131.182172	0.148170	0.116373	0.150600
21.910583	21.910583	132.369369	0.148839	0.116898	0.149923
22.210500	22.210500	133.550855	0.149502	0.117419	0.149258
22.510417	22.510417	134.726733	0.150159	0.117934	0.148606
22.810333	22.810333	135.897103	0.150809	0.118445	0.147964
23.110250	23.110250	137.062063	0.151454	0.118952	0.147334
23.410167	23.410167	138.221705	0.152094	0.119454	0.146715
23.710083	23.710083	139.376122	0.152728	0.119952	0.146106
24.010000	24.010000	140.525401	0.153356	0.120446	0.145507
24.309917	24.309917	141.669629	0.153979	0.120935	0.144918
24.609833	24.609833	142.808890	0.154597	0.121420	0.144339
24.909750	24.909750	143.943263	0.155210	0.121901	0.143769
25.209667	25.209667	145.072828	0.155818	0.122379	0.143209
25.509583	25.509583	146.197661	0.156420	0.122852	0.142657
25.809500	25.809500	147.317838	0.157019	0.123322	0.142113
26.109417	26.109417	148.433429	0.157612	0.123788	0.141578
26.409333	26.409333	149.544507	0.158201	0.124251	0.141051
26.709250	26.709250	150.651139	0.158785	0.124709	0.140532
27.009167	27.009167	151.753393	0.159365	0.125165	0.140021
27.309083	27.309083	152.851333	0.159940	0.125617	0.139517
27.609000	27.609000	153.945023	0.160512	0.126065	0.139021
27.908917	27.908917	155.034525	0.161078	0.126511	0.138531
28.208833	28.208833	156.119899	0.161641	0.126953	0.138049
28.508750	28.508750	157.201203	0.162200	0.127392	0.137573
28.808667	28.808667	158.278496	0.162755	0.127827	0.137104
29.108583	29.108583	159.351833	0.163306	0.128260	0.136642
29.408500	29.408500	160.421269	0.163853	0.128690	0.136186
29.708417	29.708417	161.486857	0.164396	0.129117	0.135736
30.008333	30.008333	162.548649	0.164936	0.129540	0.135291
30.308250	30.308250	163.606696	0.165472	0.129961	0.134853
30.608167	30.608167	164.661048	0.166004	0.130379	0.134421
30.908083	30.908083	165.711752	0.166533	0.130795	0.133994
31.208000	31.208000	166.758857	0.167058	0.131207	0.133573
31.507917	31.507917	167.802409	0.167580	0.131617	0.133157
31.807833	31.807833	168.842453	0.168099	0.132024	0.132746
32.107750	32.107750	169.879034	0.168614	0.132429	0.132340
32.407667	32.407667	170.912195	0.169126	0.132831	0.131940
32.707583	32.707583	171.941977	0.169635	0.133231	0.131544
33.007500	33.007500	172.968424	0.170140	0.133628	0.131153
33.307417	33.307417	173.991575	0.170643	0.134022	0.130767
33.607333	33.607333	175.011470	0.171142	0.134415	0.130385
33.907250	33.907250	176.028149	0.171638	0.134804	0.130008
34.207167	34.207167	177.041648	0.172132	0.135192	0.129636
34.507083	34.507083	178.052007	0.172622	0.135577	0.129267
34.807000	34.807000	179.059260	0.173110	0.135960	0.128903
35.106917	35.106917	180.063445	0.173595	0.136341	0.128543
35.406833	35.406833	181.064596	0.174076	0.136719	0.128187
35.706750	35.706750	182.062748	0.174556	0.137096	0.127836
36.006667	36.006667	183.057934	0.175032	0.137470	0.127488
36.306583	36.306583	184.050187	0.175506	0.137842	0.127143
36.606500	36.606500	185.039541	0.175977	0.138212	0.126803
36.906417	36.906417	186.026027	0.176445	0.138580	0.126466
37.206333	37.206333	187.009676	0.176911	0.138946	0.126133
37.506250	37.506250	187.990519	0.177375	0.139310	0.125804
37.806167	37.806167	188.968585	0.177835	0.139672	0.125478
38.106083	38.106083	189.943906	0.178294	0.140032	0.125155
38.406000	38.406000	190.916508	0.178750	0.140390	0.124836
38.705917	38.705917	191.886422	0.179203	0.140746	0.124520
39.005833	39.005833	192.853674	0.179654	0.141100	0.124208
39.305750	39.305750	193.818293	0.180103	0.141452	0.123898
39.605667	39.605667	194.780305	0.180549	0.141803	0.123592
39.905583	39.905583	195.739737	0.180993	0.142152	0.123289
40.205500	40.205500	196.696614	0.181435	0.142499	0.122988
40.505417	40.505417	197.650963	0.181875	0.142844	0.122691
40.805333	40.805333	198.602808	0.182312	0.143188	0.122397
41.105250	41.105250	199.552174	0.182748	0.143530	0.122105
41.405167	41.405167	200.499086	0.183181	0.143870	0.121816
41.705083	41.705083	201.443567	0.183612	0.144208	0.121531
42.005000	42.005000	202.385640	0.184040	0.144545	0.121247
42.304917	42.304917	203.325330	0.184467	0.144880	0.120967
42.604833	42.604833	204.262657	0.184892	0.145214	0.120689
42.904750	42.904750	205.197646	0.185315	0.145546	0.120414
43.204667	43.204667	206.130316	0.185735	0.145876	0.120141
43.504583	43.504583	207.060692	0.186154	0.146205	0.119871
43.804500	43.804500	207.988792	0.186571	0.146532	0.119603
44.104417	44.104417	208.914639	0.186985	0.146858	0.119338
44.404333	44.404333	209.838253	0.187398	0.147182	0.119075
44.704250	44.704250	210.759654	0.187809	0.147505	0.118814
45.004167	45.004167	211.678862	0.188218	0.147826	0.118556
45.304083	45.304083	212.595897	0.188626	0.148146	0.118300
45.604000	45.604000	213.510777	0.189031	0.148465	0.118046
45.903917	45.903917	214.423523	0.189435	0.148782	0.117795
46.203833	46.203833	215.334152	0.189837	0.149097	0.117545
46.503750	46.503750	216.242684	0.190237	0.149411	0.117298
46.803667	46.803667	217.149135	0.190635	0.149724	0.117053
47.103583	47.103583	218.053525	0.191031	0.150036	0.116810
47.403500	47.403500	218.955871	0.191426	0.150346	0.116569
47.703417	47.703417	219.856190	0.191819	0.150655	0.116330
48.003333	48.003333	220.754499	0.192211	0.150962	0.116093
48.303250	48.303250	221.650816	0.192601	0.151268	0.115858
48.603167	48.603167	222.545156	0.192989	0.151573	0.115625
48.903083	48.903083	223.437536	0.193375	0.151877	0.115394
49.203000	49.203000	224.327972	0.193760	0.152179	0.115165
49.502917	49.502917	225.216480	0.194144	0.152480	0.114938
49.802833	49.802833	226.103076	0.194526	0.152780	0.114712
50.102750	50.102750	226.987776	0.194906	0.153079	0.114488
50.402667	50.402667	227.870594	0.195284	0.153376	0.114266
50.702583	50.702583	228.751545	0.195661	0.153672	0.114046
51.002500	51.002500	229.630645	0.196037	0.153967	0.113827
51.302417	51.302417	230.507908	0.196411	0.154261	0.113611
51.602333	51.602333	231.383348	0.196784	0.154554	0.113396
51.902250	51.902250	232.256980	0.197155	0.154845	0.113182
52.202167	52.202167	233.128817	0.197525	0.155136	0.112970
52.502083	52.502083	233.998874	0.197893	0.155425	0.112760
52.802000	52.802000	234.867164	0.198260	0.155713	0.112551
53.101917	53.101917	235.733701	0.198625	0.156000	0.112344
53.401833	53.401833	236.598497	0.198989	0.156286	0.112139
53.701750	53.701750	237.461566	0.199352	0.156570	0.111935
54.001667	54.001667	238.322922	0.199713	0.156854	0.111732
54.301583	54.301583	239.182576	0.200073	0.157137	0.111531
54.601500	54.601500	240.040542	0.200431	0.157418	0.111332
54.901417	54.901417	240.896831	0.200789	0.157699	0.111134
55.201333	55.201333	241.751456	0.201144	0.157978	0.110937
55.501250	55.501250	242.604430	0.201499	0.158257	0.110742
55.801167	55.801167	243.455764	0.201852	0.158534	0.110548
56.101083	56.101083	244.305470	0.202204	0.158811	0.110356
56.401000	56.401000	245.153560	0.202555	0.159086	0.110165
56.700917	56.700917	246.000045	0.202904	0.159361	0.109975
57.000833	57.000833	246.844936	0.203252	0.159634	0.109787
57.300750	57.300750	247.688246	0.203599	0.159906	0.109600
57.600667	57.600667	248.529985	0.203945	0.160178	0.109414
57.900583	57.900583	249.370163	0.204289	0.160448	0.109229
58.200500	58.200500	250.208793	0.204633	0.160718	0.109046
58.500417	58.500417	251.045884	0.204975	0.160987	0.108864
58.800333	58.800333	251.881448	0.205315	0.161254	0.108684
59.100250	59.100250	252.715494	0.205655	0.161521	0.108504
59.400167	59.400167	253.548033	0.205993	0.161787	0.108326
59.700083	59.700083	254.379076	0.206331	0.162052	0.108149
60.000000	60.000000	255.208631	0.206667	0.162316	0.107973

2D aperture profile & 3D fracture shape
At time t =		min
Aperture scale factor in 3D:	
